4294967294,131
4294967294,130
4294967294,129
4294967294,128
4294967294,127
4294967294,126
4294967294,125
4294967294,124
4294967294,123
4294967294,122
4294967294,121
4294967294,120
4294967294,119
4294967294,118
4294967294,117
4294967294,116
4294967294,115
4294967294,114
4294967294,113
4294967294,112
4294967294,111
4294967294,110
4294967294,109
4294967294,108
4294967294,107
4294967294,106
4294967294,105
4294967294,104
4294967294,103
4294967294,102
4294967294,101
4294967294,100
4294967294,99
4294967294,98
4294967294,97
4294967294,96
4294967294,95
4294967294,94
4294967294,93
4294967294,92
4294967294,91
4294967294,90
4294967294,89
4294967294,88
4294967294,87
4294967294,86
4294967294,85
4294967294,84
4294967294,83
4294967294,82
4294967294,81
4294967294,80
4294967294,79
4294967294,78
4294967294,77
4294967294,76
4294967294,75
4294967294,74
4294967294,73
4294967294,72
4294967294,71
4294967294,70
4294967294,69
4294967294,68
4294967294,67
4294967294,66
4294967294,65
4294967294,64
4294967294,63
4294967294,62
4294967294,61
4294967294,60
4294967294,59
4294967294,58
4294967294,57
4294967294,56
4294967294,55
4294967294,54
4294967294,53
4294967294,52
4294967294,51
4294967294,50
4294967294,49
4294967294,48
4294967294,47
4294967294,46
4294967294,45
4294967294,44
4294967294,43
4294967294,42
4294967294,41
4294967294,40
4294967294,39
4294967294,38
4294967294,37
4294967294,36
4294967294,35
4294967294,34
4294967294,33
4294967294,32
4294967294,31
4294967294,30
4294967294,29
4294967294,28
4294967294,27
4294967294,26
4294967294,25
4294967294,24
4294967294,23
4294967294,22
4294967294,21
4294967294,20
4294967294,19
4294967294,18
4294967294,17
4294967294,16
4294967294,15
4294967294,14
4294967294,13
4294967294,12
4294967294,11
4294967294,10
4294967294,9
4294967294,8
4294967294,7
4294967294,6
4294967294,5
4294967294,4
4294967294,3
4294967294,2
4294967294,0
89,0
90,0
92,0
91,0
93,0
94,0
101,0
100,0
99,0
98,0
97,0
96,0
95,0
1,0
2,0
3,0
0,308
0,304
0,303
0,12
0,10
0,8
0,0
0,562
0,422
0,300
0,457
0,421
0,299
0,505
0,420
0,298
0,504
0,419
0,297
0,506
0,418
0,296
0,502
0,417
0,295
0,471
0,416
0,294
0,516
0,415
0,293
0,445
0,414
0,292
0,535
0,413
0,291
0,431
0,412
0,290
0,454
0,411
0,289
0,550
0,410
0,288
0,476
0,409
0,287
0,501
0,407
0,286
0,469
0,406
0,285
0,499
0,405
0,284
0,530
0,404
0,283
0,450
0,403
0,282
0,503
0,402
0,281
0,481
0,401
0,280
0,490
0,400
0,279
0,425
0,399
0,278
0,358
0,398
0,277
0,480
0,397
0,276
0,448
0,396
0,275
0,518
0,395
0,274
0,546
0,394
0,273
0,393
0,272
0,428
0,392
0,271
0,549
0,331
0,270
0,543
0,391
0,269
0,496
0,390
0,268
0,575
0,389
0,267
0,388
0,266
0,558
0,387
0,265
0,386
0,264
0,458
0,385
0,263
0,541
0,447
0,262
0,528
0,527
0,261
0,489
0,384
0,260
0,424
0,383
0,259
0,564
0,382
0,258
0,446
0,381
0,257
0,563
0,486
0,256
0,523
0,380
0,255
0,453
0,379
0,254
0,378
0,253
0,573
0,377
0,252
0,351
0,444
0,251
0,456
0,443
0,250
0,526
0,376
0,249
0,485
0,375
0,248
0,442
0,374
0,247
0,441
0,521
0,246
0,474
0,372
0,245
0,524
0,440
0,244
0,491
0,371
0,242
0,473
0,370
0,241
0,547
0,369
0,240
0,536
0,322
0,357
0,408
0,487
0,494
0,497
0,545
0,554
0,560
0,567
0,574
2,2
2,4
2,6
2,7
2,9
3,1
3,2
89,1
89,2
89,4
89,6
90,1
90,3
90,4
91,1
91,3
91,4
92,1
92,2
92,4
92,5
93,2
93,4
93,5
94,2
94,3
95,1
95,3
95,4
96,1
96,2
96,4
96,5
96,7
97,1
97,2
97,4
98,2
98,6
98,8
98,9
98,11
98,12
98,14
98,15
98,17
98,19
98,20
98,22
98,23
98,25
98,27
98,28
98,30
98,31
98,33
98,35
98,36
98,65
98,66
98,68
98,69
98,71
98,73
98,74
98,76
98,77
98,79
98,81
98,82
98,84
98,85
98,87
98,88
98,90
98,92
98,93
98,95
98,96
98,98
98,100
98,101
98,103
98,104
98,106
98,107
98,109
98,111
98,112
98,115
98,116
98,118
98,120
98,121
98,123
98,124
98,126
98,127
99,2
99,4
99,5
99,7
100,1
100,3
100,5
100,6
100,8
100,9
100,11
101,1
101,2
101,3
100,12
100,10
100,7
100,4
100,2
99,6
99,3
99,1
98,125
98,122
98,119
98,117
98,114
98,110
98,108
98,105
98,102
98,99
98,97
98,94
98,91
98,89
98,86
98,83
98,80
98,78
98,75
98,72
98,70
98,67
98,64
98,34
98,32
98,29
98,26
98,24
98,21
98,18
98,16
98,13
98,10
98,7
98,5
97,3
96,8
96,6
96,3
95,5
95,2
94,4
94,1
93,3
93,1
92,3
91,5
91,2
90,5
90,2
89,5
89,3
3,3
2,10
2,8
2,5
1,2
0,566
0,557
0,532
0,492
0,478
0,330
0,310
0,307
0,306
0,305
0,302
1,1
98,113
0,243
1,3
98,3
2,1
98,1
2,3
98,4
0,9
0,368
0,239
0,572
0,367
0,238
0,556
0,366
0,237
0,555
0,365
0,236
0,512
0,364
0,235
0,470
0,363
0,234
0,427
0,362
0,233
0,352
0,439
0,232
0,515
0,361
0,231
0,462
0,360
0,230
0,525
0,359
0,229
0,438
0,534
0,228
0,437
0,510
0,227
0,479
0,356
0,226
0,334
0,436
0,225
0,459
0,355
0,224
0,552
0,354
0,223
0,522
0,353
0,222
0,551
0,488
0,221
0,434
0,531
0,220
0,373
0,350
0,219
0,498
0,433
0,218
0,484
0,349
0,217
0,483
0,348
0,216
0,571
0,215
0,477
0,346
0,214
0,475
0,432
0,213
0,468
0,345
0,212
0,570
0,344
0,211
0,511
0,343
0,210
0,509
0,342
0,209
0,455
0,341
0,208
0,542
0,340
0,207
0,466
0,339
0,206
0,537
0,338
0,205
0,465
0,337
0,204
0,507
0,336
0,203
0,500
0,335
0,202
0,332
0,569
0,201
0,520
0,333
0,200
0,495
0,429
0,199
0,553
0,568
0,198
0,544
0,517
0,197
0,561
0,514
0,196
0,461
0,329
0,195
0,467
0,451
0,194
0,559
0,472
0,193
0,327
0,192
0,548
0,326
0,63
0,482
0,325
0,62
0,449
0,426
0,61
0,513
0,324
0,60
0,328
0,323
0,59
0,430
0,321
0,58
0,464
0,320
0,57
0,463
0,319
0,56
0,565
0,318
0,55
0,508
0,317
0,54
0,347
0,423
0,53
0,452
0,316
0,52
0,435
0,315
0,51
0,519
0,314
0,50
0,309
0,313
0,49
0,540
0,312
0,48
0,539
0,311
0,47
0,538
0,529
0,46
0,460
0,493
0,45
0,533
0,301
0,6
0,5
0,1
0,11
0,4
0,2
0,3
0,7
